2304 2275
3200 2531
4288 2723
5312 2851
6368 3043
7488 3235
8448 3331
9600 3395
10656 3491
11872 3555
13024 3619
14208 3555
15392 3491
16512 3331
17760 3203
18912 3171
20096 2979
21280 2883
22464 2691
23584 2499
24736 2211
25920 1923
27072 1667
28192 1443
29376 1059
30464 739
4352 3875
5376 4099
6496 4291
7616 4387
8768 4483
10016 4579
11200 4707
12384 4707
13600 4739
14752 4707
15936 4611
17120 4451
18240 4323
19488 4259
20672 4131
21856 4003
23104 3779
24320 3587
25440 3395
26688 3107
27808 2819
29088 2467
30112 2179
31360 1827
32448 1443
3264 4995
4480 5251
5568 5507
6720 5699
7936 5827
9152 6019
10336 6051
11616 6147
12832 6147
14048 6147
15264 6211
16384 6179
17632 6211
18816 6211
20096 6147
21280 6147
22560 6147
23904 5955
25056 5891
26240 5731
27488 5571
28672 5507
29952 5443
31168 5379
32320 5219
3104 6339
4256 6563
5472 6787
6656 7011
7872 7171
9088 7267
10336 7363
11616 7427
12832 7459
14080 7491
15264 7491
16512 7587
17792 7555
19040 7555
20256 7555
21568 7523
22784 7427
24160 7331
25376 7171
26560 7075
27840 6979
29088 6819
30304 6723
31584 6627
32864 6691
1920 7907
3136 8035
4480 8227
5536 8323
6816 8483
8000 8643
9344 8707
10496 8835
11680 8867
13024 8963
14304 8963
15488 8931
16832 8867
18112 8835
19360 8835
20704 8771
22016 8771
23264 8707
24512 8579
25728 8387
26976 8323
28288 8195
29600 8099
30880 8099
32064 8003
1600 9027
2784 9283
4064 9475
5344 9571
6560 9763
7808 9891
9024 10051
10304 10115
11584 10179
12832 10275
14048 10243
15360 10243
16736 10211
17952 10179
19200 10179
20576 10083
21888 9987
23168 9955
24480 9891
25760 9795
27168 9763
28384 9635
29728 9507
31008 9443
32224 9347
3168 10723
4320 10851
5504 11011
6816 11171
8096 11331
9440 11491
10720 11587
12000 11747
13280 11811
14560 11811
15872 11779
17152 11715
18400 11619
19776 11587
21216 11651
22400 11779
23744 11939
25056 12163
26400 12355
27776 12419
29120 12451
30400 12387
31680 12323
33024 12291
34336 12195
1216 11555
2336 11907
3552 12131
4736 12419
5952 12611
7232 12835
8544 12899
9728 13027
11104 13187
12352 13187
13664 13251
14944 13315
16320 13347
17728 13411
19072 13379
20352 13347
21824 13475
23072 13635
24352 13667
25696 13763
27040 13731
28416 13763
29664 13827
31008 13827
32320 13795
