1212 4350
2052 4302
2856 4182
3696 4098
4548 3966
5268 3858
6120 3690
6840 3546
7632 3354
8436 3186
9180 2994
9984 2778
10728 2574
11532 2370
12300 2118
12972 1830
13788 1530
14532 1194
15288 834
15948 438
792 5262
1668 5202
2496 5154
3324 5082
4104 4998
4896 4950
5736 4866
6540 4782
7392 4650
8184 4518
9012 4350
9888 4146
10656 3930
11424 3666
12216 3330
12984 2994
13764 2646
14484 2262
15228 1818
15984 1422
2616 6066
3492 5994
4392 5922
5136 5850
5964 5754
6864 5646
7692 5502
8496 5406
9360 5238
10212 5010
10992 4782
11760 4530
12588 4206
13368 3870
14172 3522
14952 3114
15672 2718
16428 2262
17196 1830
17952 1386
1440 6858
2268 6870
3156 6846
3996 6846
4908 6798
5784 6762
6672 6690
7500 6582
8424 6462
9168 6318
10092 6078
10908 5802
11700 5550
12612 5226
13416 4854
14256 4590
15012 4314
15888 3978
16716 3690
17556 3378
1728 8622
2616 8454
3504 8358
4404 8226
5220 8070
6120 7986
7044 7890
7908 7770
8796 7626
9684 7482
10548 7254
11388 7038
12312 6834
13176 6582
13980 6306
14844 5934
15636 5538
16452 5142
17208 4650
18000 4170
2904 9462
3708 9498
4680 9174
5628 9126
6540 9054
7416 8994
8340 8898
9288 8826
10140 8766
11028 8730
13044 8406
13932 8058
14808 7710
15612 7362
16464 6978
17328 6546
18096 6090
18876 5622
19656 5142
20412 4590
1992 10686
2928 10638
3852 10566
4812 10482
5724 10398
6660 10290
7596 10158
8520 10062
9444 9954
10416 9810
11340 9726
12276 9582
14052 9270
14952 8826
15768 8358
16620 7926
17436 7506
18276 7098
19140 6678
20016 6234
