3840 1872
4728 2304
5616 2736
6480 3096
7320 3456
8232 3768
9120 4056
10032 4296
10992 4560
11976 4728
12864 4872
13896 4968
14784 5064
15792 5112
16800 5160
17784 5112
18744 5016
19704 4896
20664 4680
21600 4464
22536 4248
23448 4008
24360 3648
25248 3336
26160 2952
27120 2592
27984 2184
28896 1728
29712 1272
30480 720
4224 3000
5064 3456
5952 3888
6840 4272
7800 4632
8688 4944
9600 5184
10608 5448
11568 5640
12552 5832
13560 5928
14448 6000
15480 6072
16536 6120
17472 6072
18528 6000
19560 5832
20568 5688
21456 5488
22394 5270
23342 5006
24350 4706
25298 4382
26246 4010
27158 3590
28096 3184
28976 2720
29858 2222
30710 1718
31598 1166
4496 4295
5408 4743
6384 5143
7328 5479
8288 5799
9232 6119
10224 6343
11264 6583
12240 6759
13280 6919
14288 7015
15296 7079
16288 7095
17328 7047
18368 6999
19424 6871
20464 6711
21472 6503
22464 6295
23428 5991
24420 5719
25444 5367
26420 5015
27364 4631
28388 4215
29284 3751
30164 3303
31092 2759
31956 2183
32836 1559
4064 5239
5008 5751
6016 6247
6928 6567
7952 6919
8960 7191
10000 7463
11056 7703
12096 7911
13104 8039
14112 8151
15184 8199
16240 8199
17312 8151
18368 8071
19392 7959
20480 7799
21504 7623
22564 7351
23572 7047
24548 6727
25652 6391
26628 6039
27652 5639
28596 5207
29476 4791
30516 4247
31396 3783
32372 3143
33220 2583
2304 5408
3200 6016
4192 6528
5120 7008
6144 7456
7072 7808
8192 8128
9184 8416
10272 8672
11328 8864
12384 9056
13440 9184
14560 9280
15584 9280
16704 9248
17792 9216
18976 9152
20032 8992
21024 8768
22112 8576
23104 8352
24224 8096
25344 7744
26400 7424
27424 7040
28480 6656
29440 6208
30432 5696
31360 5152
32416 4704
800 6368
1760 6912
2784 7488
3808 8000
4768 8480
5760 8928
6848 9280
7904 9600
8928 9888
9984 10080
13088 10304
14304 10432
15392 10432
16576 10432
17664 10432
18720 10336
19872 10240
20960 10080
22144 9856
23232 9600
24352 9280
25376 9024
26496 8672
27552 8288
28640 7904
29696 7424
30720 7136
31648 6624
32832 6176
33760 5792
2016 8192
2944 8800
3968 9344
5024 9792
6080 10176
7136 10592
8352 10944
9408 11200
10464 11360
11552 11520
12704 11584
13856 11648
15040 11680
16160 11648
17312 11680
18496 11648
19648 11552
20864 11424
22016 11296
23200 11200
24320 10976
25472 10720
26592 10464
